{
  "camera_angle_x": 0.8745405322596168,
  "camera_angle_y": 1.1557532703198714,
  "fl_x": 834.3137188671031,
  "fl_y": 828.0457879178623,
  "k1": -0.0011303430302355005,
  "k2": 0.008362370500402727,
  "k3": 0,
  "k4": 0,
  "p1": -0.0021613628912873425,
  "p2": -0.005900682075609215,
  "is_fisheye": false,
  "cx": 380.4067445773483,
  "cy": 515.5593362051345,
  "w": 780.0,
  "h": 1080.0,
  "aabb_scale": 16,
  "frames": [
    {
      "file_path": "./uploads\\images/frame0001.png",
      "sharpness": 57.09316111154935,
      "transform_matrix": [
        [
          0.13372344658013233,
          -0.031501505443189234,
          0.9905178923151856,
          3.9935467766805384
        ],
        [
          0.9895888176610906,
          0.057916334059638835,
          -0.1317561012219862,
          -0.5325878602359696
        ],
        [
          -0.05321664960355788,
          0.9978243098917049,
          0.03891830932981117,
          0.1640442705159248
        ],
        [
          0.0,
          0.0,
          0.0,
          1.0
        ]
      ]
    },
    {
      "file_path": "./uploads\\images/frame0002.png",
      "sharpness": 64.99232167433706,
      "transform_matrix": [
        [
          0.12617164308514825,
          -0.030582477649603243,
          0.9915369022628355,
          3.9914652146467557
        ],
        [
          0.990660380483431,
          0.055974573284078136,
          -0.12433365468002022,
          -0.5016460104813457
        ],
        [
          -0.05169842378423371,
          0.9979637063608228,
          0.03735925282672407,
          0.15724896763381352
        ],
        [
          0.0,
          0.0,
          0.0,
          1.0
        ]
      ]
    },
    {
      "file_path": "./uploads\\images/frame0003.png",
      "sharpness": 67.27639361413917,
      "transform_matrix": [
        [
          0.09257194020125487,
          -0.028548071575585192,
          0.9952966610532084,
          3.990431295230624
        ],
        [
          0.9946713912998859,
          0.04820741303977298,
          -0.09113105210389928,
          -0.3657803263207214
        ],
        [
          -0.045379061438278454,
          0.9984292929117653,
          0.032858603830191006,
          0.13732557716231072
        ],
        [
          0.0,
          0.0,
          0.0,
          1.0
        ]
      ]
    },
    {
      "file_path": "./uploads\\images/frame0004.png",
      "sharpness": 68.29033039331925,
      "transform_matrix": [
        [
          0.04949197710704435,
          -0.029005403567714878,
          0.9983532595093202,
          4.01220070690762
        ],
        [
          0.9980759065962252,
          0.0388164312313125,
          -0.04835048436768061,
          -0.19428030483286682
        ],
        [
          -0.03735008533052116,
          0.9988252956535012,
          0.030870696387913593,
          0.12922242289365612
        ],
        [
          0.0,
          0.0,
          0.0,
          1.0
        ]
      ]
    },
    {
      "file_path": "./uploads\\images/frame0005.png",
      "sharpness": 67.69133428272474,
      "transform_matrix": [
        [
          0.018510862750558896,
          -0.03218191972164212,
          0.999310598367812,
          4.043967868013592
        ],
        [
          0.9993277154550911,
          0.032230474816901146,
          -0.017473225700686615,
          -0.07049380307340482
        ],
        [
          -0.03164593312817855,
          0.9989622217797204,
          0.032756898210108666,
          0.13843304199682285
        ],
        [
          0.0,
          0.0,
          0.0,
          1.0
        ]
      ]
    },
    {
      "file_path": "./uploads\\images/frame0006.png",
      "sharpness": 68.77885403250099,
      "transform_matrix": [
        [
          -0.015186740416042066,
          -0.03684919022901086,
          0.999205434383729,
          4.079221152378096
        ],
        [
          0.9995615904309557,
          0.02484249130682151,
          0.01610830719878706,
          0.06581350567704662
        ],
        [
          -0.025416330393642054,
          0.9990120058398237,
          0.03645575872463836,
          0.1557865231193936
        ],
        [
          0.0,
          0.0,
          0.0,
          1.0
        ]
      ]
    },
    {
      "file_path": "./uploads\\images/frame0007.png",
      "sharpness": 75.49759187822247,
      "transform_matrix": [
        [
          -0.048020567311588755,
          -0.040062679732958316,
          0.9980425876758274,
          4.092541829423691
        ],
        [
          0.9986601480742007,
          0.017366626550332255,
          0.04874739921963194,
          0.20000512601655632
        ],
        [
          -0.019285584344244107,
          0.9990462361581918,
          0.03917504641512988,
          0.1678937178846108
        ],
        [
          0.0,
          0.0,
          0.0,
          1.0
        ]
      ]
    },
    {
      "file_path": "./uploads\\images/frame0008.png",
      "sharpness": 74.17478157346646,
      "transform_matrix": [
        [
          -0.09544808899523359,
          -0.03993420040758838,
          0.9946330589478408,
          4.063495459593147
        ],
        [
          0.9953835064823018,
          0.006275744814518035,
          0.09577207343491037,
          0.39195903612026645
        ],
        [
          -0.010066644436040098,
          0.9991826032671932,
          0.03915083658070471,
          0.16601513498908516
        ],
        [
          0.0,
          0.0,
          0.0,
          1.0
        ]
      ]
    },
    {
      "file_path": "./uploads\\images/frame0009.png",
      "sharpness": 68.70737483190861,
      "transform_matrix": [
        [
          -0.1509856199528869,
          -0.03404252264680361,
          0.9879496187692259,
          3.9779348091053586
        ],
        [
          0.9885357211453546,
          -0.005893075305074263,
          0.15087213023976317,
          0.6090524146334727
        ],
        [
          0.000685993590567822,
          0.9994030109631781,
          0.03454201930263067,
          0.14252259678004114
        ],
        [
          0.0,
          0.0,
          0.0,
          1.0
        ]
      ]
    },
    {
      "file_path": "./uploads\\images/frame0010.png",
      "sharpness": 68.22047706186888,
      "transform_matrix": [
        [
          -0.24085565037251824,
          -0.016314604687729353,
          0.9704238194544119,
          3.844136614197698
        ],
        [
          0.970386415689185,
          -0.02300895138304029,
          0.24045954421097757,
          0.9551132911624783
        ],
        [
          0.018405432075577165,
          0.9996021317689897,
          0.021373306716063384,
          0.0845956772462994
        ],
        [
          0.0,
          0.0,
          0.0,
          1.0
        ]
      ]
    },
    {
      "file_path": "./uploads\\images/frame0011.png",
      "sharpness": 84.54733806746134,
      "transform_matrix": [
        [
          -0.3375121495628618,
          0.007395067360190485,
          0.941292123563758,
          3.693705412556051
        ],
        [
          0.9405658624924917,
          -0.03740112274085929,
          0.33754557371039545,
          1.327970792947454
        ],
        [
          0.03770155450313475,
          0.99927297021556,
          0.005667785422504116,
          0.01924638877791227
        ],
        [
          0.0,
          0.0,
          0.0,
          1.0
        ]
      ]
    },
    {
      "file_path": "./uploads\\images/frame0012.png",
      "sharpness": 110.7572265159284,
      "transform_matrix": [
        [
          -0.45661178302764605,
          0.03930003600464248,
          0.8887976073197555,
          3.4685947189395874
        ],
        [
          0.8875225355542007,
          -0.04918552922505988,
          0.45813156690878093,
          1.7905056180953087
        ],
        [
          0.06172056776436755,
          0.9980161776704038,
          -0.012420975403598754,
          -0.05331071598319181
        ],
        [
          0.0,
          0.0,
          0.0,
          1.0
        ]
      ]
    },
    {
      "file_path": "./uploads\\images/frame0013.png",
      "sharpness": 132.5365378439783,
      "transform_matrix": [
        [
          -0.5583808966548811,
          0.0671549423780858,
          0.8268621335942657,
          3.226457936981571
        ],
        [
          0.825461708041376,
          -0.05427194547864543,
          0.5618429713820211,
          2.193226974234642
        ],
        [
          0.08260594900147664,
          0.9962654112509945,
          -0.02512941585926409,
          -0.10422110065831079
        ],
        [
          0.0,
          0.0,
          0.0,
          1.0
        ]
      ]
    },
    {
      "file_path": "./uploads\\images/frame0014.png",
      "sharpness": 100.29259699425238,
      "transform_matrix": [
        [
          -0.6618095411848868,
          0.09422458360188023,
          0.7437270057276907,
          2.9178487302058054
        ],
        [
          0.7423848042011792,
          -0.05561617345672793,
          0.6676613241316358,
          2.616578270164259
        ],
        [
          0.1042733604083876,
          0.9939962621167326,
          -0.03314358481036337,
          -0.13673358382595333
        ],
        [
          0.0,
          0.0,
          0.0,
          1.0
        ]
      ]
    },
    {
      "file_path": "./uploads\\images/frame0015.png",
      "sharpness": 85.29163930565218,
      "transform_matrix": [
        [
          -0.7352794046880607,
          0.11094794487352856,
          0.668621530147576,
          2.6480811278163263
        ],
        [
          0.6670502808579601,
          -0.05625329153505379,
          0.742885919908831,
          2.9344478290205327
        ],
        [
          0.12003382795137092,
          0.9922328964143273,
          -0.03264597107686249,
          -0.13561441978471156
        ],
        [
          0.0,
          0.0,
          0.0,
          1.0
        ]
      ]
    }
  ]
}